0000045
0000099
0000100
0000102
0000103
0000105
0000107
0000108
0000114
0000117
0000119
0000121
0000133
0000137
0000141
0000143
0000144
0000145
0000147
0000156
0000157
0000159
0000166
0000168
0000169
0000170
0000174
0000177
0000183
0000185
0000186
0000188
0000189
0000192
0000195
0000198
0000202
0000204
0000205
0000207
0000208
0000210
0000211
0000212
0000214
0000220
0000225
0000233
0000238
0000240
0000247
0000249
0000254
0000256
0000260
0000262
0000263
0000268
0000270
0000271
0000272
0000275
0000280
0000281
0000282
0000284
0000286
0000287
0000293
0000295
0000296
0000297
0000299
0000301
0000302
0000304
0000307
0000310
0000317
0000318
0000319
0000321
0000324
0000327
0000331
0000332
0000333
0000334
0000335
0000342
0000343
0000344
0000346
0000349
0000350
0000351
0000352
0000353
0000356
0000357
0000360
0000362
0000363
0000364
0000365
0000368
0000373
0000374
0000381
0000383
0000385
0000386
0000387
0000388
0000389
0000391
0000394
0000396
0000397
0000399
0000402
0000405
0000408
0000410
0000411
0000413
0000415
0000420
0000422
0000426
0000427
0000430
0000431
0000433
0000434
0000436
0000437
0000438
0000439
0000442
0000444
0000446
0000447
0000448
0000451
0000452
0000455
0000457
0000459
0000460
0000461
0000462
0000463
0000464
0000465
0000467
0000471
0000473
0000477
0000480
0000481
0000482
0000483
0000484
0000486
0000487
0000492
0000494
0000495
0000498
0000499
0000500
0000505
0000506
0000510
0000512
0000513
0000514
0000515
0000520
0000521
0000524
0000525
0000526
0000529
0000530
0000531
0000532
0000533
0000534
0000535
0000538
0000539
0000541
0000545
0000546
0000547
0000550
0000551
0000552
0000554
0000555
0000562
0000563
0000568
0000570
0000571
0000574
0000575
0000579
0000580
0000582
0000583
0000585
0000588
0000589
0000592
0000593
0000595
0000596
0000597
0000598
0000599
0000600
0000601
0000605
0000606
0000607
0000609
0000610
0000611
0000612
0000613
0000614
0000615
0000616
0000617
0000619
0000620
0000622
0000623
0000624
0000625
0000628
0000630
0000633
0000637
0000642
0000646
0000648
0000651
0000652
0000653
0000655
0000656
0000657
0000662
0000663
0000664
0000665
0000667
0000670
0000672
0000675
0000678
0000679
0000680
0000688
0000689
0000690
0000691
0000693
0000694
0000695
0000696
0000700
0000703
0000705
0000707
0000708
0000709
0000711
0000717
0000725
0000729
0000745
0000749
0000751
0000756
0000759
0000760
0000775
0000776
0000777
0000782
0000792
0000793
0000796
0000800
0000801
0000803
0000809
0000815
0000816
0000830
0000836
0000837
0000838
0000867
0000868
0000871
0000874
0000876
0000880
0000881
0000884
0000889
0000892
0000893
0000902
0000903
0000915
0000916
0000928
0000929
0000933
0000934
0000943
0000944
0000948
0000950
0000952
0000954
0000956
0000959
0000960
0000961
0000962
0000965
0000968
0000977
0000980
0000981
0000982
0000985
0000986
0000991
0000996
0000997
0000998
0001002
0001004
0001005
0001006
0001015
0001018
0001019
0001022
0001026
0001029
0001035
0001037
0001038
0001039
0001040
0001043
0001044
0001046
0001048
0001049
0001053
0001054
0001057
0001061
0001062
0001063
0001064
0001065
0001068
0001069
0001071
0001075
0001081
0001082
0001083
0001084
0001086
0001089
0001092
0001096
0001097
0001099
0001101
0001103
0001104
0001107
0001108
0001110
0001111
0001114
0001116
0001117
0001118
0001126
0001127
0001129
0001131
0001138
0001139
0001143
0001146
0001147
0001151
0001152
0001153
0001154
0001155
0001162
0001165
0001166
0001168
0001170
0001172
0001176
0001180
0001183
0001187
0001194
0001199
0001200
0001201
0001208
0001209
0001210
0001217
0001218
0001223
0001231
0001233
0001235
0001240
0001242
0001250
0001251
0001261
0001263
0001265
0001266
0001267
0001272
0001274
0001277
0001281
0001282
0001286
0001287
0001290
0001292
0001293
0001295
0001298
0001302
0001305
0001307
0001309
0001312
0001314
0001315
0001317
0001319
0001323
0001324
0001325
0001326
0001332
0001334
0001337
0001339
0001344
0001346
0001347
0001348
0001353
0001356
0001364
0001365
0001367
0001368
0001370
0001373
0001377
0001378
0001384
0001387
0001388
0001389
0001390
0001392
0001393
0001398
0001399
0001400
0001403
0001404
0001406
0001407
0001409
0001410
0001412
0001416
0001418
0001424
0001431
0001435
0001436
0001438
0001440
0001441
0001442
0001444
0001457
0001459
0001461
0001462
0001467
0001468
0001469
0001472
0001480
0001484
0001488
0001491
0001492
0001493
0001494
0001496
0001497
0001498
0001499
0001504
0001507
0001508
0001515
0001517
0001518
0001519
0001520
0001521
0001524
0001525
0001527
0001529
0001530
0001533
0001538
0001540
0001541
0001542
0001548
0001550
0001554
0001556
0001557
0001558
0001562
0001564
0001565
0001567
0001568
0001569
0001572
0001573
0001574
0001575
0001578
0001582
0001589
0001590
0001593
0001594
0001595
0001597
0001598
0001599
0001601
0001602
0001604
0001605
0001607
0001608
0001610
0001614
0001617
0001621
0001622
0001624
0001629
0001630
0001631
0001632
0001633
0001634
0001638
0001640
0001641
0001642
0001650
0001652
0001653
0001661
0001662
0001664
0001667
0001668
0001669
0001670
0001675
0001684
0001688
0001694
0001696
0001697
0001698
0001701
0001704
0001709
0001710
0001711
0001713
0001714
0001716
0001720
0001722
0001723
0001728
0001729
0001731
0001732
0001733
0001735
0001736
0001738
0001741
0001742
0001743
0001746
0001748
0001752
0001756
0001758
0001759
0001760
0001762
0001763
0001764
0001767
0001770
0001773
0001774
0001776
0001778
0001780
0001783
0001785
0001787
0001790
0001793
0001794
0001795
0001796
0001797
0001802
0001803
0001804
0001806
0001808
0001810
0001817
0001821
0001823
0001824
0001828
0001832
0001833
0001834
0001835
0001836
0001837
0001838
0001839
0001840
0001841
0001844
0001845
0001848
0001851
0001852
0001857
0001858
0001863
0001868
0001869
0001873
0001877
0001879
0001880
0001882
0001912
0001938
0001942
0001943
0001951
0001952
0001953
0001971
0001973
0001974
0001978
0001993
0002003
0002004
0002006
0002015
0002023
0002026
0002027
0002029
0002033
0002041
0002043
0002055
0002059
0002064
0002065
0002067
0002073
0002076
0002077
0002088
0002090
0002091
0002100
0002102
0002105
0002117
0002119
0002120
0002122
0002124
0002127
0002140
0002142
0002150
0002191
0002217
0002239
0002243
0002253
0002262
0002325
0002332
0002365
0002396
0002436
0002546
0002653
0002657
0002700
0002743
0002773
0002800
0002801
0002871
0002901
0002907
0002913
0002916
0002928
0002936
0002944
0002956
0003067
0003069
0003071
0003072
0003078
0003082
0003115
0003210
0003244
0003265
0003289
0003353
0003354
0003457
0003494
0003506
0003563
0003577
0003620
0003633
0003697
0003777
0003779
0003807
0003888
0003928
0003931
0003941
0003981
0004051
0004056
0004081
0004095
0004109
0004133
0004137
0004147
0004248
0004266
0004284
0004286
0004294
0004303
0004306
0004328
0004349
0004371
0004376
0004426
0004456
0004518
0004539
0004540
0004623
0004645
0004657
0004691
0004692
0004700
0004705
0004710
0004712
0004715
0004716
0004719
0004721
0004724
0004725
0004727
0004728
0004729
0004731
0004734
0004735
0004736
0004739
0004740
0004741
0004743
0004744
0004745
0004747
0004748
0004749
0004751
0004752
0004753
0004757
0004760
0004761
0004763
0004770
0004771
0004774
0004775
0004779
0004782
0004785
0004786
0004787
0004790
0004792
0004793
0004797
0004801
0004802
0004804
0004805
0004806
0004808
0004809
0004810
0004812
0004814
0004818
0004819
0004820
0004822
0004825
0004826
0004827
0004830
0004834
0004838
0004839
0004840
0004841
0004844
0004846
0004849
0004850
0004852
0004853
0004854
0004857
0004859
0004861
0004865
0004866
0004867
0004868
0004871
0004875
0004879
0004880
0004883
0004884
0004886
0004887
0004889
0004892
0004893
0004894
0004895
0004897
0004898
0004899
0004900
0004904
0004906
0004909
0004911
0004912
0004914
0004917
0004918
0004921
0004922
0004923
0004925
0004928
0004929
0004930
0004933
0004936
0004937
0004939
0004940
0004941
0004943
0004947
0004954
0004955
0004956
0004957
0004959
0004960
0004965
0004966
0004967
0004968
0004969
0004971
0004975
0004977
0004978
0004979
0004980
0004981
0004982
0004984
0004985
0004986
0004987
0004988
0004990
0004991
0004993
0004994
0004996
0004999
0005000
0005002
0005006
0005007
0005009
0005010
0005011
0005012
